GET /RTK5Unh1Z71JKIiR/arcgis/rest/services/BASE_DE_DADOS/FeatureServer/0/query?returnGeometry=true&where=1%3D1&outFields=%2A&f=geojson
host: services1.arcgis.com

HTTP/1.1 200 undefined
content-type: text/plain; charset=utf-8
etag: -1411390351
server: Microsoft-IIS/8.5
x-powered-by: ASP.NET
access-control-allow-origin: *
date: Mon, 02 May 2016 17:03:17 GMT
content-length: 43325

{"type":"FeatureCollection","crs":{"type":"name","properties":{"name":"EPSG:4674"}},"features":[{"type":"Feature","id":1,"geometry":{"type":"Polygon","coordinates":[[[-44.0300000003996,-19.2275000000128],[-44.0300000003996,-19.2300000001877],[-44.0283333336164,-19.2300000001877],[-44.0283333336164,-19.2308333335793],[-44.029166667008,-19.2308333335793],[-44.029166667008,-19.231666666971],[-44.0300000003996,-19.231666666971],[-44.0300000003996,-19.2333333337543],[-44.0308333337913,-19.2333333337543],[-44.0308333337913,-19.2341666671459],[-44.0316666671829,-19.2341666671459],[-44.0316666671829,-19.2350000005376],[-44.0325000005746,-19.2350000005376],[-44.0325000005745,-19.2366666664215],[-44.0333333339661,-19.2366666664215],[-44.0333333339661,-19.2391666665964],[-44.0325000005745,-19.2391666665964],[-44.0325000005745,-19.2408333333797],[-44.0316666671829,-19.2408333333797],[-44.0316666671829,-19.242500000163],[-44.0308333337913,-19.242500000163],[-44.0308333337913,-19.2441666669463],[-44.0300000003996,-19.2441666669463],[-44.0300000003996,-19.2466666671212],[-44.0308333337913,-19.2466666671212],[-44.0308333337913,-19.2475000005129],[-44.0316666671829,-19.2475000005129],[-44.0316666671829,-19.2483333339045],[-44.0325000005745,-19.2483333339045],[-44.0325000005745,-19.2499999997885],[-44.0350000007494,-19.2499999997885],[-44.0350000007494,-19.2524999999634],[-44.0341666673578,-19.2524999999634],[-44.0341666673578,-19.2541666667467],[-44.0333333339661,-19.2541666667467],[-44.0333333339661,-19.2550000001384],[-44.0325000005745,-19.2550000001384],[-44.0325000005746,-19.2591666670966],[-44.0316666671829,-19.2591666670966],[-44.0316666671829,-19.2608333338799],[-44.0325000005745,-19.2608333338799],[-44.0325000005745,-19.2633333331555],[-44.0316666671829,-19.2633333331555],[-44.0316666671829,-19.2641666665472],[-44.0308333337913,-19.2641666665472],[-44.0308333337913,-19.2649999999388],[-44.0300000003996,-19.2649999999388],[-44.0300000003996,-19.2666666667221],[-44.029166667008,-19.2666666667221],[-44.029166667008,-19.2675000001137],[-44.0283333336164,-19.2675000001137],[-44.0283333336164,-19.2683333335054],[-44.0283333336164,-19.269166666897],[-44.0308333337913,-19.269166666897],[-44.0308333337913,-19.2700000002887],[-44.0316666671829,-19.2700000002887],[-44.0316666671829,-19.2708333336803],[-44.0325000005745,-19.2708333336803],[-44.0325000005745,-19.2716666670719],[-44.0333333339661,-19.2716666670719],[-44.0333333339661,-19.2725000004636],[-44.0325000005745,-19.2725000004636],[-44.0325000005745,-19.2741666672469],[-44.0316666671829,-19.2741666672469],[-44.0316666671829,-19.2749999997392],[-44.0308333337913,-19.2749999997392],[-44.0308333337913,-19.2766666665225],[-44.0316666671829,-19.2766666665225],[-44.0316666671829,-19.2774999999141],[-44.0325000005745,-19.2774999999141],[-44.0325000005745,-19.2883333331062],[-44.0325000005745,-19.2899999998895],[-44.0333333339661,-19.2899999998895],[-44.0333333339661,-19.2925000000644],[-44.0350000007494,-19.2925000000644],[-44.0350000007494,-19.293333333456],[-44.0358333332417,-19.293333333456],[-44.0358333332417,-19.2950000002393],[-44.0366666666333,-19.2950000002393],[-44.0366666666333,-19.295833333631],[-44.0358333332417,-19.295833333631],[-44.0358333332417,-19.2983333338059],[-44.0416666669831,-19.2983333338059],[-44.0416666669831,-19.2991666671976],[-44.0433333337663,-19.2991666671976],[-44.0433333337663,-19.3000000005892],[-44.0441666671579,-19.3000000005892],[-44.0441666671579,-19.3016666664732],[-44.0450000005495,-19.3016666664732],[-44.0450000005495,-19.3041666666481],[-44.0458333339412,-19.3041666666481],[-44.0458333339412,-19.309166666998],[-44.0483333332167,-19.309166666998],[-44.0483333332167,-19.3100000003896],[-44.0491666666084,-19.3100000003896],[-44.0491666666084,-19.3108333337813],[-44.0499999999999,-19.3108333337813],[-44.05,-19.3133333339562],[-44.0491666666084,-19.3133333339562],[-44.0491666666084,-19.3141666664485],[-44.0483333332167,-19.3141666664485],[-44.0483333332167,-19.3158333332317],[-44.0475000007244,-19.3158333332318],[-44.0475000007244,-19.3175000000151],[-44.0475000007244,-19.3191666667983],[-44.0483333332167,-19.3191666667983],[-44.0483333332167,-19.32000000019],[-44.0491666666084,-19.32000000019],[-44.0491666666084,-19.3208333335816],[-44.0508333333916,-19.3208333335816],[-44.0508333333916,-19.3216666669733],[-44.0516666667832,-19.3216666669733],[-44.0516666667832,-19.3225000003649],[-44.0525000001748,-19.3225000003649],[-44.0525000001748,-19.3233333337566],[-44.0533333335665,-19.3233333337566],[-44.0533333335665,-19.3241666671482],[-44.0558333337413,-19.3241666671482],[-44.0558333337413,-19.3250000005398],[-44.056666667133,-19.3250000005398],[-44.056666667133,-19.3258333339315],[-44.0591666673078,-19.3258333339315],[-44.0591666673078,-19.3250000005398],[-44.0608333340911,-19.3250000005398],[-44.0608333340911,-19.3258333339315],[-44.0616666665833,-19.3258333339315],[-44.0616666665833,-19.3274999998155],[-44.062499999975,-19.3274999998155],[-44.062499999975,-19.3283333332071],[-44.0633333333666,-19.3283333332071],[-44.0633333333666,-19.3291666665988],[-44.0641666667582,-19.3291666665988],[-44.0641666667582,-19.3299999999904],[-44.0650000001498,-19.3299999999904],[-44.0650000001498,-19.3325000001653],[-44.0641666667582,-19.3325000001653],[-44.0641666667582,-19.3341666669486],[-44.0650000001498,-19.3341666669486],[-44.0650000001498,-19.3350000003403],[-44.0641666667582,-19.3350000003403],[-44.0641666667582,-19.3358333337319],[-44.0641666667582,-19.3375000005152],[-44.0650000001498,-19.3375000005152],[-44.0650000001498,-19.3383333339069],[-44.0658333335415,-19.3383333339069],[-44.0658333335415,-19.3391666663992],[-44.0666666669331,-19.3391666663992],[-44.0666666669331,-19.3383333339069],[-44.0691666671079,-19.3383333339069],[-44.0691666671079,-19.3391666663992],[-44.0700000004996,-19.3391666663992],[-44.0700000004996,-19.3399999997908],[-44.0708333338912,-19.3399999997908],[-44.0708333338912,-19.3408333331825],[-44.0733333340661,-19.3408333331825],[-44.0733333340661,-19.3399999997908],[-44.0741666665584,-19.3399999997908],[-44.0741666665584,-19.3391666663992],[-44.0758333333416,-19.3391666663992],[-44.0758333333416,-19.3399999997908],[-44.0775000001249,-19.3399999997908],[-44.0775000001249,-19.3416666665741],[-44.0808333336914,-19.3416666665741],[-44.0808333336914,-19.3408333331825],[-44.0850000006495,-19.3408333331825],[-44.0850000006495,-19.3416666665741],[-44.0866666665334,-19.3416666665741],[-44.0866666665334,-19.3424999999658],[-44.087499999925,-19.3424999999658],[-44.087499999925,-19.3433333333574],[-44.0891666667083,-19.3433333333574],[-44.0891666667083,-19.3441666667491],[-44.0908333334915,-19.3441666667491],[-44.0908333334915,-19.3450000001407],[-44.0900000000999,-19.3450000001407],[-44.0900000000999,-19.346666666924],[-44.0891666667083,-19.346666666924],[-44.0891666667083,-19.3508333338822],[-44.0900000000999,-19.3508333338822],[-44.0900000000999,-19.3541666665495],[-44.0891666667083,-19.3541666665495],[-44.0891666667083,-19.3549999999411],[-44.0900000000999,-19.3549999999411],[-44.0900000000999,-19.3558333333327],[-44.0908333334915,-19.3558333333327],[-44.0908333334915,-19.3566666667244],[-44.0916666668831,-19.3566666667244],[-44.0916666668831,-19.357500000116],[-44.0950000004496,-19.357500000116],[-44.0950000004496,-19.3583333335076],[-44.0958333338413,-19.3583333335076],[-44.0958333338413,-19.3608333336826],[-44.0950000004496,-19.3608333336826],[-44.0950000004496,-19.3625000004659],[-44.094166667058,-19.3625000004659],[-44.094166667058,-19.3633333338575],[-44.0950000004496,-19.3633333338575],[-44.0950000004496,-19.3641666672492],[-44.094166667058,-19.3641666672492],[-44.094166667058,-19.3674999999164],[-44.0933333336664,-19.3674999999164],[-44.0933333336664,-19.370833333483],[-44.094166667058,-19.370833333483],[-44.094166667058,-19.3741666670496],[-44.0958333338413,-19.3741666670496],[-44.0958333338413,-19.3750000004412],[-44.0966666672329,-19.3750000004412],[-44.0966666672329,-19.3766666672245],[-44.0975000006245,-19.3766666672245],[-44.0975000006245,-19.3775000006162],[-44.0983333340161,-19.3775000006162],[-44.0983333340161,-19.3791666665002],[-44.0991666674078,-19.3791666665002],[-44.0991666674078,-19.3799999998918],[-44.0991666674078,-19.3825000000667],[-44.0999999999,-19.3825000000667],[-44.0999999999,-19.3833333334584],[-44.0991666674078,-19.3833333334584],[-44.0991666674078,-19.38416666685],[-44.0983333340161,-19.38416666685],[-44.0983333340161,-19.3866666670249],[-44.0991666674078,-19.3866666670249],[-44.0991666674078,-19.3883333338082],[-44.0999999999,-19.3883333338082],[-44.0999999999,-19.3891666671999],[-44.1050000002498,-19.3891666671999],[-44.1050000002498,-19.3900000005915],[-44.1058333336414,-19.3900000005915],[-44.1058333336414,-19.3908333330838],[-44.1124999998751,-19.3908333330838],[-44.1124999998751,-19.3916666664755],[-44.1141666666583,-19.3916666664755],[-44.1141666666583,-19.3924999998671],[-44.1133333332667,-19.3924999998671],[-44.1133333332667,-19.3933333332587],[-44.1124999998751,-19.3933333332587],[-44.1124999998751,-19.3941666666504],[-44.1133333332667,-19.3941666666504],[-44.1133333332667,-19.3966666668253],[-44.1141666666583,-19.3966666668253],[-44.1141666666583,-19.4000000003919],[-44.1133333332667,-19.4000000003919],[-44.1133333332667,-19.4008333337835],[-44.1124999998751,-19.4008333337835],[-44.1124999998751,-19.4016666671752],[-44.1116666673827,-19.4016666671752],[-44.1116666673827,-19.4025000005668],[-44.1108333339911,-19.4025000005668],[-44.1108333339911,-19.4049999998424],[-44.1100000005995,-19.4049999998424],[-44.1100000005995,-19.4058333332341],[-44.1091666672079,-19.4058333332341],[-44.1091666672079,-19.4066666666257],[-44.1100000005995,-19.4066666666257],[-44.1100000005995,-19.4091666668007],[-44.1108333339911,-19.4091666668007],[-44.1108333339911,-19.4100000001923],[-44.1116666673827,-19.4100000001923],[-44.1200000003997,-19.4100000001923],[-44.1200000003997,-19.410833333584],[-44.1208333337913,-19.410833333584],[-44.1208333337913,-19.4100000001923],[-44.1216666671829,-19.4100000001923],[-44.1216666671829,-19.4116666669756],[-44.1225000005745,-19.4116666669756],[-44.1225000005745,-19.4133333337589],[-44.1233333339662,-19.4133333337589],[-44.1233333339662,-19.4150000005422],[-44.1233333339662,-19.4208333333844],[-44.1225000005745,-19.4208333333844],[-44.1225000005745,-19.4225000001677],[-44.1241666673578,-19.4225000001677],[-44.1241666673578,-19.4233333335593],[-44.1250000007494,-19.4233333335593],[-44.1250000007494,-19.424166666951],[-44.1258333332417,-19.424166666951],[-44.1258333332417,-19.4250000003426],[-44.1266666666333,-19.4250000003426],[-44.1266666666333,-19.4266666671259],[-44.127500000025,-19.4266666671259],[-44.127500000025,-19.432499999968],[-44.1300000001998,-19.432499999968],[-44.1300000001998,-19.4333333333597],[-44.1300000001998,-19.4341666667513],[-44.1308333335915,-19.4341666667513],[-44.1308333335915,-19.4358333335346],[-44.1316666669831,-19.4358333335346],[-44.1316666669831,-19.4366666669263],[-44.131666666983,-19.4375000003179],[-44.1308333335915,-19.4375000003179],[-44.1308333335915,-19.4416666672761],[-44.1300000001998,-19.4416666672761],[-44.1300000001998,-19.4441666665518],[-44.1291666668082,-19.4441666665518],[-44.1291666668082,-19.4449999999434],[-44.1300000001998,-19.4449999999434],[-44.1300000001998,-19.445833333335],[-44.1308333335915,-19.445833333335],[-44.1308333335915,-19.4516666670766],[-44.1300000001998,-19.4516666670766],[-44.1300000001998,-19.4525000004682],[-44.1291666668082,-19.4525000004682],[-44.1291666668082,-19.4533333338599],[-44.1300000001998,-19.4533333338599],[-44.1300000001998,-19.4549999997438],[-44.1291666668082,-19.4549999997438],[-44.1291666668082,-19.4566666665271],[-44.1291666668082,-19.4574999999188],[-44.1258333332417,-19.4574999999188],[-44.1258333332417,-19.4583333333104],[-44.1250000007494,-19.4583333333104],[-44.1250000007494,-19.459166666702],[-44.1216666671829,-19.4591666667021],[-44.1216666671829,-19.461666666877],[-44.1208333337913,-19.461666666877],[-44.1208333337913,-19.4658333338352],[-44.1200000003997,-19.4658333338352],[-44.1200000003997,-19.4675000006185],[-44.119166667008,-19.4675000006185],[-44.119166667008,-19.4683333331108],[-44.1183333336164,-19.4683333331108],[-44.1183333336164,-19.4691666665024],[-44.1166666668332,-19.4691666665024],[-44.1166666668332,-19.4699999998941],[-44.1158333334415,-19.4699999998941],[-44.1158333334415,-19.4708333332857],[-44.1133333332667,-19.4708333332857],[-44.1133333332667,-19.4716666666774],[-44.1116666673827,-19.4716666666774],[-44.1116666673827,-19.4741666668523],[-44.1124999998751,-19.4741666668523],[-44.1124999998751,-19.4766666670272],[-44.1116666673827,-19.4766666670272],[-44.1116666673827,-19.4816666664778],[-44.1108333339911,-19.4816666664778],[-44.1108333339911,-19.4841666666527],[-44.1100000005995,-19.4841666666527],[-44.1100000005995,-19.4850000000444],[-44.1091666672079,-19.4850000000444],[-44.1091666672079,-19.4875000002193],[-44.1083333338162,-19.4875000002193],[-44.1083333338162,-19.4891666670026],[-44.1075000004246,-19.4891666670026],[-44.1075000004246,-19.4908333337859],[-44.106666667033,-19.4908333337859],[-44.106666667033,-19.4916666671775],[-44.1075000004246,-19.4916666671775],[-44.1075000004246,-19.4925000005692],[-44.106666667033,-19.4925000005692],[-44.106666667033,-19.4941666664531],[-44.1058333336414,-19.4941666664531],[-44.1058333336414,-19.4958333332364],[-44.1058333336414,-19.4966666666281],[-44.106666667033,-19.4966666666281],[-44.106666667033,-19.4975000000197],[-44.1075000004246,-19.4975000000197],[-44.1075000004246,-19.5016666669779],[-44.1083333338162,-19.5016666669779],[-44.1083333338162,-19.5058333339361],[-44.1100000005995,-19.5058333339361],[-44.1100000005995,-19.5108333333866],[-44.1108333339911,-19.5108333333866],[-44.1108333339911,-19.5125000001699],[-44.1100000005995,-19.5125000001699],[-44.1100000005995,-19.5133333335616],[-44.1091666672079,-19.5133333335616],[-44.1091666672079,-19.5141666669532],[-44.1083333338162,-19.5141666669532],[-44.1083333338162,-19.5133333335616],[-44.1075000004246,-19.5133333335616],[-44.1075000004246,-19.5141666669532],[-44.106666667033,-19.5141666669532],[-44.106666667033,-19.5150000003449],[-44.1058333336414,-19.5150000003449],[-44.1058333336414,-19.5191666664038],[-44.106666667033,-19.5191666664038],[-44.106666667033,-19.5183333339115],[-44.1075000004246,-19.5183333339115],[-44.1075000004246,-19.5191666664038],[-44.1083333338162,-19.5191666664038],[-44.1083333338162,-19.5208333331871],[-44.1100000005995,-19.5208333331871],[-44.1100000005995,-19.5216666665787],[-44.1108333339911,-19.5216666665787],[-44.1108333339911,-19.5224999999704],[-44.1133333332667,-19.5224999999704],[-44.1133333332667,-19.5241666667537],[-44.1175000002248,-19.5241666667537],[-44.1175000002248,-19.5250000001453],[-44.1183333336164,-19.5250000001453],[-44.1183333336164,-19.525833333537],[-44.1208333337913,-19.525833333537],[-44.1208333337913,-19.5266666669286],[-44.1225000005745,-19.5266666669286],[-44.1225000005745,-19.525833333537],[-44.1241666673578,-19.525833333537],[-44.1241666673578,-19.5250000001453],[-44.1250000007494,-19.5250000001453],[-44.1250000007494,-19.5241666667537],[-44.1300000001998,-19.5241666667537],[-44.1300000001998,-19.523333333362],[-44.1325000003746,-19.523333333362],[-44.1325000003747,-19.5241666667537],[-44.1333333337663,-19.5241666667537],[-44.1333333337663,-19.5250000001453],[-44.1341666671579,-19.5250000001453],[-44.1341666671579,-19.525833333537],[-44.1350000005496,-19.525833333537],[-44.1350000005496,-19.5266666669286],[-44.1358333339412,-19.5266666669286],[-44.1358333339412,-19.5275000003202],[-44.1366666673328,-19.5275000003202],[-44.1366666673328,-19.5283333337119],[-44.1375000007244,-19.5283333337119],[-44.1375000007244,-19.5291666671035],[-44.1391666666083,-19.5291666671035],[-44.150833334091,-19.5291666671035],[-44.150833334091,-19.5300000004952],[-44.1516666665834,-19.5300000004952],[-44.1516666665834,-19.5308333338868],[-44.1541666667582,-19.5308333338868],[-44.1541666667582,-19.5316666672785],[-44.1550000001499,-19.5316666672785],[-44.1550000001499,-19.5358333333374],[-44.1566666669331,-19.5358333333374],[-44.1566666669331,-19.536666666729],[-44.1583333337163,-19.536666666729],[-44.1583333337163,-19.5375000001207],[-44.159166667108,-19.5375000001207],[-44.159166667108,-19.5383333335123],[-44.1616666672828,-19.5383333335123],[-44.1616666672828,-19.5375000001207],[-44.1625000006745,-19.5375000001207],[-44.1625000006745,-19.536666666729],[-44.1641666665583,-19.536666666729],[-44.1641666665583,-19.5375000001207],[-44.1683333335165,-19.5375000001207],[-44.1683333335165,-19.536666666729],[-44.1700000002998,-19.536666666729],[-44.1700000002998,-19.5375000001207],[-44.1708333336914,-19.5375000001207],[-44.1708333336913,-19.5383333335123],[-44.1725000004746,-19.5383333335123],[-44.1725000004746,-19.5391666669039],[-44.1741666672579,-19.5391666669039],[-44.1741666672579,-19.5400000002956],[-44.1750000006495,-19.5400000002956],[-44.1750000006494,-19.5408333336872],[-44.1758333340411,-19.5408333336872],[-44.1758333340411,-19.5433333338622],[-44.1766666665334,-19.5433333338622],[-44.1766666665334,-19.5441666672538],[-44.1758333340411,-19.5441666672538],[-44.1758333340411,-19.5449999997461],[-44.1750000006494,-19.5449999997461],[-44.1750000006494,-19.547499999921],[-44.1750000006494,-19.5483333333127],[-44.1758333340411,-19.5483333333127],[-44.1758333340411,-19.5491666667043],[-44.1766666665334,-19.5491666667043],[-44.1766666665334,-19.550000000096],[-44.177499999925,-19.550000000096],[-44.177499999925,-19.5516666668792],[-44.1783333333166,-19.5516666668793],[-44.1783333333166,-19.5558333338375],[-44.1791666667083,-19.5558333338375],[-44.1791666667083,-19.5566666672291],[-44.1800000000999,-19.5566666672291],[-44.1800000000999,-19.5575000006208],[-44.1816666668831,-19.5575000006208],[-44.1816666668831,-19.5583333331131],[-44.1833333336664,-19.5583333331131],[-44.1833333336664,-19.5541666670542],[-44.184166667058,-19.5541666670542],[-44.184166667058,-19.5533333336625],[-44.1850000004496,-19.5533333336625],[-44.1850000004496,-19.5516666668793],[-44.1866666672329,-19.5516666668793],[-44.1866666672329,-19.550000000096],[-44.1875000006245,-19.550000000096],[-44.1875000006245,-19.5491666667043],[-44.1883333340161,-19.5491666667043],[-44.1883333340161,-19.5483333333127],[-44.1891666674077,-19.5483333333127],[-44.1891666674077,-19.547499999921],[-44.1908333332917,-19.547499999921],[-44.1908333332917,-19.5483333333127],[-44.1925000000749,-19.5483333333127],[-44.1925000000749,-19.5491666667043],[-44.2000000005995,-19.5491666667043],[-44.2000000005995,-19.5483333333127],[-44.2008333339911,-19.5483333333127],[-44.2008333339911,-19.5466666665294],[-44.2016666673828,-19.5466666665294],[-44.2016666673828,-19.5458333331378],[-44.202499999875,-19.5458333331378],[-44.202499999875,-19.5449999997461],[-44.2041666666583,-19.5449999997461],[-44.2041666666583,-19.5441666672538],[-44.2066666668331,-19.5441666672538],[-44.2066666668331,-19.5433333338622],[-44.2075000002248,-19.5433333338622],[-44.2075000002248,-19.5425000004705],[-44.209166667008,-19.5425000004705],[-44.209166667008,-19.5416666670789],[-44.2100000003996,-19.5416666670789],[-44.2100000003996,-19.5425000004705],[-44.2108333337913,-19.5425000004705],[-44.2108333337913,-19.5433333338622],[-44.2125000005746,-19.5433333338622],[-44.2125000005746,-19.5441666672538],[-44.2133333339661,-19.5441666672538],[-44.2133333339661,-19.5449999997461],[-44.2141666673577,-19.5449999997461],[-44.2141666673578,-19.5458333331378],[-44.2158333332417,-19.5458333331378],[-44.2158333332417,-19.5466666665294],[-44.2166666666333,-19.5466666665294],[-44.2166666666333,-19.547499999921],[-44.2208333335914,-19.547499999921],[-44.2208333335914,-19.5483333333127],[-44.2241666671579,-19.5483333333127],[-44.2241666671579,-19.5491666667043],[-44.2233333337663,-19.5491666667043],[-44.2233333337663,-19.5525000002709],[-44.2241666671579,-19.5525000002709],[-44.2241666671579,-19.5533333336625],[-44.2250000005495,-19.5533333336625],[-44.2250000005495,-19.5541666670542],[-44.2258333339412,-19.5541666670542],[-44.2258333339412,-19.5550000004458],[-44.2283333332167,-19.5550000004458],[-44.2283333332167,-19.5541666670542],[-44.23,-19.5541666670542],[-44.23,-19.5533333336625],[-44.2316666667832,-19.5533333336625],[-44.2316666667832,-19.5525000002709],[-44.2333333335665,-19.5525000002709],[-44.2333333335665,-19.5516666668792],[-44.2341666669581,-19.5516666668793],[-44.2341666669581,-19.5508333334876],[-44.2358333337413,-19.5508333334876],[-44.2358333337413,-19.550000000096],[-44.236666667133,-19.550000000096],[-44.236666667133,-19.5491666667043],[-44.2375000005246,-19.5491666667043],[-44.2416666665833,-19.5491666667043],[-44.2416666665833,-19.5483333333127],[-44.242499999975,-19.5483333333127],[-44.242499999975,-19.5466666665294],[-44.2450000001499,-19.5466666665294],[-44.2450000001499,-19.547499999921],[-44.2475000003247,-19.547499999921],[-44.2475000003247,-19.5466666665294],[-44.2483333337163,-19.5466666665294],[-44.2483333337163,-19.5458333331378],[-44.2491666671079,-19.5458333331378],[-44.2491666671079,-19.5449999997461],[-44.2533333340661,-19.5449999997461],[-44.2533333340661,-19.5458333331378],[-44.2541666665584,-19.5458333331378],[-44.2541666665584,-19.5466666665294],[-44.2558333333416,-19.5466666665294],[-44.2558333333416,-19.547499999921],[-44.2575000001249,-19.547499999921],[-44.2575000001249,-19.5483333333127],[-44.2591666669081,-19.5483333333127],[-44.2591666669081,-19.5491666667043],[-44.2608333336914,-19.5491666667043],[-44.2608333336914,-19.5483333333127],[-44.2641666672578,-19.5483333333127],[-44.2641666672578,-19.5491666667043],[-44.267499999925,-19.5491666667043],[-44.267499999925,-19.5483333333127],[-44.2691666667083,-19.5483333333127],[-44.2691666667083,-19.547499999921],[-44.2700000000998,-19.547499999921],[-44.2700000000998,-19.5466666665294],[-44.2716666668831,-19.5466666665294],[-44.2716666668831,-19.5458333331377],[-44.2725000002748,-19.5458333331378],[-44.2725000002748,-19.5425000004705],[-44.2716666668831,-19.5425000004705],[-44.2716666668831,-19.5383333335123],[-44.2725000002748,-19.5383333335123],[-44.2725000002748,-19.5375000001207],[-44.2733333336664,-19.5375000001207],[-44.2733333336664,-19.5349999999457],[-44.274166667058,-19.5349999999457],[-44.274166667058,-19.5333333331624],[-44.2733333336664,-19.5333333331624],[-44.2733333336664,-19.5324999997708],[-44.2725000002748,-19.5324999997708],[-44.2725000002748,-19.5300000004952],[-44.2716666668831,-19.5300000004952],[-44.2716666668831,-19.5291666671035],[-44.2708333334915,-19.5291666671035],[-44.2708333334915,-19.5266666669286],[-44.2700000000999,-19.5266666669286],[-44.2700000000998,-19.525833333537],[-44.2683333333167,-19.525833333537],[-44.2683333333167,-19.5250000001453],[-44.2650000006495,-19.5250000001453],[-44.2650000006495,-19.5208333331871],[-44.2658333340411,-19.5208333331871],[-44.2658333340411,-19.5199999997954],[-44.2666666665334,-19.5199999997954],[-44.2666666665334,-19.5191666664038],[-44.2683333333167,-19.5191666664038],[-44.2683333333167,-19.5175000005198],[-44.2691666667083,-19.5175000005198],[-44.2691666667083,-19.5166666671282],[-44.2700000000998,-19.5166666671282],[-44.2700000000998,-19.5158333337365],[-44.2708333334915,-19.5158333337365],[-44.2708333334915,-19.5150000003449],[-44.2716666668831,-19.5150000003449],[-44.2716666668831,-19.5091666666034],[-44.2708333334915,-19.5091666666034],[-44.2708333334915,-19.5074999998201],[-44.2733333336664,-19.5074999998201],[-44.2733333336664,-19.5066666664284],[-44.274166667058,-19.5066666664285],[-44.274166667058,-19.5050000005445],[-44.2750000004496,-19.5050000005445],[-44.2750000004496,-19.5033333337612],[-44.274166667058,-19.5033333337612],[-44.274166667058,-19.5000000001946],[-44.2758333338413,-19.5000000001946],[-44.2758333338413,-19.5008333335863],[-44.2766666672329,-19.5008333335863],[-44.2766666672329,-19.5000000001946],[-44.2783333340161,-19.5000000001947],[-44.2783333340161,-19.499166666803],[-44.2791666674077,-19.499166666803],[-44.2791666674077,-19.4983333334114],[-44.2799999999,-19.4983333334114],[-44.2799999999,-19.4975000000197],[-44.2825000000749,-19.4975000000197],[-44.2825000000749,-19.4966666666281],[-44.2833333334665,-19.4966666666281],[-44.2833333334665,-19.4891666670026],[-44.2841666668581,-19.4891666670026],[-44.2841666668581,-19.4883333336109],[-44.2850000002498,-19.4883333336109],[-44.2850000002498,-19.4875000002193],[-44.2875000004247,-19.4875000002193],[-44.2875000004246,-19.4866666668276],[-44.2883333338162,-19.4866666668276],[-44.2883333338162,-19.485833333436],[-44.2891666672079,-19.485833333436],[-44.2891666672079,-19.4850000000444],[-44.2900000005995,-19.4850000000444],[-44.2900000005995,-19.4841666666527],[-44.2908333339911,-19.4841666666527],[-44.2908333339911,-19.4833333332611],[-44.2924999998751,-19.4833333332611],[-44.2924999998751,-19.4808333330861],[-44.2933333332667,-19.4808333330861],[-44.2933333332667,-19.4800000005938],[-44.2941666666583,-19.4800000005938],[-44.2941666666583,-19.4783333338105],[-44.2950000000499,-19.4783333338105],[-44.2950000000499,-19.4775000004189],[-44.2924999998751,-19.4775000004189],[-44.2924999998751,-19.4750000002439],[-44.2916666673827,-19.4750000002439],[-44.2916666673827,-19.4741666668523],[-44.2908333339911,-19.4741666668523],[-44.2908333339911,-19.472500000069],[-44.2900000005995,-19.472500000069],[-44.2900000005995,-19.4716666666774],[-44.2891666672079,-19.4716666666774],[-44.2891666672079,-19.4708333332857],[-44.2875000004247,-19.4708333332857],[-44.2875000004247,-19.4699999998941],[-44.286666667033,-19.4699999998941],[-44.286666667033,-19.4633333336603],[-44.2858333336414,-19.4633333336603],[-44.2858333336414,-19.461666666877],[-44.2850000002498,-19.461666666877],[-44.2850000002498,-19.4608333334853],[-44.2841666668581,-19.4608333334853],[-44.2841666668581,-19.4600000000937],[-44.2825000000749,-19.4600000000937],[-44.2825000000749,-19.4591666667021],[-44.2816666666833,-19.4591666667021],[-44.2816666666833,-19.4583333333104],[-44.2799999999,-19.4583333333104],[-44.2799999999,-19.4574999999188],[-44.2791666674077,-19.4574999999188],[-44.2791666674077,-19.4566666665271],[-44.2783333340161,-19.4566666665271],[-44.2783333340161,-19.4558333331355],[-44.2766666672329,-19.4558333331355],[-44.2766666672329,-19.4549999997438],[-44.2758333338413,-19.4549999997438],[-44.2758333338413,-19.4533333338599],[-44.2750000004496,-19.4533333338599],[-44.2750000004496,-19.4516666670766],[-44.274166667058,-19.4516666670766],[-44.274166667058,-19.4491666669016],[-44.2733333336664,-19.4491666669016],[-44.2733333336664,-19.44833333351],[-44.2733333336664,-19.4475000001183],[-44.274166667058,-19.4475000001183],[-44.274166667058,-19.4466666667267],[-44.2750000004496,-19.4466666667267],[-44.2750000004496,-19.445833333335],[-44.2758333338413,-19.445833333335],[-44.2758333338413,-19.4449999999434],[-44.2766666672329,-19.4449999999434],[-44.2766666672329,-19.4441666665518],[-44.2775000006245,-19.4441666665518],[-44.2775000006245,-19.4433333331601],[-44.2783333340161,-19.4433333331601],[-44.2783333340161,-19.4424999997685],[-44.2791666674077,-19.4424999997685],[-44.2791666674077,-19.4416666672761],[-44.2783333340161,-19.4416666672761],[-44.2783333340161,-19.4391666671012],[-44.2775000006245,-19.4391666671012],[-44.2775000006245,-19.4333333333597],[-44.2783333340161,-19.4333333333597],[-44.2783333340161,-19.4299999997931],[-44.2791666674077,-19.4299999997931],[-44.2791666674077,-19.4291666664015],[-44.2799999999,-19.4291666664015],[-44.2799999999,-19.4283333339092],[-44.2816666666833,-19.4283333339092],[-44.2816666666833,-19.4275000005175],[-44.2825000000749,-19.4275000005175],[-44.2825000000749,-19.4250000003426],[-44.2816666666833,-19.4250000003426],[-44.2816666666833,-19.421666666776],[-44.2825000000749,-19.421666666776],[-44.2825000000749,-19.4199999999928],[-44.2833333334665,-19.4199999999927],[-44.2833333334665,-19.4191666666011],[-44.2841666668581,-19.4191666666011],[-44.2841666668581,-19.4183333332095],[-44.2850000002498,-19.4183333332095],[-44.2850000002498,-19.4166666664262],[-44.2858333336414,-19.4166666664262],[-44.2858333336414,-19.4150000005422],[-44.286666667033,-19.4150000005422],[-44.286666667033,-19.4141666671505],[-44.2875000004246,-19.4141666671505],[-44.2875000004246,-19.4125000003673],[-44.2883333338162,-19.4125000003673],[-44.2883333338162,-19.410833333584],[-44.2891666672079,-19.410833333584],[-44.2891666672079,-19.4100000001923],[-44.2900000005995,-19.4100000001923],[-44.2900000005995,-19.408333333409],[-44.2908333339911,-19.408333333409],[-44.2908333339912,-19.4058333332341],[-44.2916666673827,-19.4058333332341],[-44.2916666673827,-19.4041666664508],[-44.2941666666583,-19.4041666664508],[-44.2941666666583,-19.4033333339585],[-44.2983333336164,-19.4033333339585],[-44.2983333336164,-19.4016666671752],[-44.2975000002248,-19.4016666671752],[-44.2975000002248,-19.397500000217],[-44.2966666668332,-19.397500000217],[-44.2966666668332,-19.3933333332587],[-44.2975000002248,-19.3933333332587],[-44.2975000002248,-19.3875000004166],[-44.2983333336164,-19.3875000004166],[-44.2983333336164,-19.3858333336333],[-44.299166667008,-19.3858333336333],[-44.299166667008,-19.38416666685],[-44.3000000003997,-19.38416666685],[-44.3000000003997,-19.3825000000667],[-44.3008333337913,-19.3825000000667],[-44.3008333337913,-19.3808333332834],[-44.3016666671829,-19.3808333332834],[-44.3016666671829,-19.3750000004412],[-44.3000000003997,-19.3750000004412],[-44.3000000003997,-19.3741666670496],[-44.299166667008,-19.3741666670496],[-44.299166667008,-19.370833333483],[-44.3000000003997,-19.370833333483],[-44.3000000003997,-19.3641666672492],[-44.299166667008,-19.3641666672492],[-44.299166667008,-19.3616666670742],[-44.3000000003997,-19.3616666670742],[-44.3000000003997,-19.3591666668993],[-44.3008333337913,-19.3591666668993],[-44.3008333337913,-19.3566666667244],[-44.3000000003997,-19.3566666667244],[-44.3000000003997,-19.3533333331578],[-44.3008333337913,-19.3533333331578],[-44.3008333337913,-19.3516666672738],[-44.3008333337913,-19.3491666670989],[-44.3025000005745,-19.3491666670989],[-44.3025000005745,-19.3483333337073],[-44.3041666673578,-19.3483333337073],[-44.3041666673578,-19.346666666924],[-44.3050000007494,-19.346666666924],[-44.3050000007494,-19.333333333557],[-44.3066666666333,-19.333333333557],[-44.3066666666333,-19.3325000001653],[-44.307500000025,-19.3325000001653],[-44.307500000025,-19.3316666667737],[-44.3083333334166,-19.3316666667737],[-44.3083333334166,-19.3299999999904],[-44.307500000025,-19.3299999999904],[-44.307500000025,-19.3291666665988],[-44.3066666666333,-19.3291666665988],[-44.3066666666333,-19.3283333332071],[-44.3058333332417,-19.3283333332071],[-44.3058333332417,-19.3274999998155],[-44.3025000005745,-19.3274999998155],[-44.3025000005745,-19.3266666664238],[-44.2975000002248,-19.3266666664238],[-44.2975000002248,-19.3258333339315],[-44.2950000000499,-19.3258333339315],[-44.2950000000499,-19.3250000005398],[-44.2958333334415,-19.3250000005398],[-44.2958333334415,-19.3241666671482],[-44.2966666668332,-19.3241666671482],[-44.2966666668332,-19.3225000003649],[-44.2975000002248,-19.3225000003649],[-44.2975000002248,-19.3216666669733],[-44.2966666668332,-19.3216666669733],[-44.2966666668332,-19.3208333335816],[-44.2950000000499,-19.3208333335816],[-44.2950000000499,-19.32000000019],[-44.2941666666583,-19.32000000019],[-44.2941666666583,-19.3191666667983],[-44.2933333332667,-19.3191666667983],[-44.2933333332667,-19.3175000000151],[-44.2924999998751,-19.3175000000151],[-44.2924999998751,-19.3166666666234],[-44.2916666673827,-19.3166666666234],[-44.2916666673827,-19.3158333332317],[-44.2900000005995,-19.3158333332317],[-44.2900000005995,-19.3149999998401],[-44.2891666672079,-19.3149999998401],[-44.2891666672079,-19.3166666666234],[-44.286666667033,-19.3166666666234],[-44.286666667033,-19.3175000000151],[-44.2816666666833,-19.3175000000151],[-44.2816666666833,-19.3183333334067],[-44.2808333332916,-19.3183333334067],[-44.2808333332916,-19.3191666667983],[-44.2799999999,-19.3191666667983],[-44.2799999999,-19.3266666664238],[-44.2791666674077,-19.3266666664238],[-44.2791666674077,-19.3274999998155],[-44.2783333340161,-19.3274999998155],[-44.2783333340161,-19.3325000001653],[-44.2775000006245,-19.3325000001653],[-44.2775000006245,-19.3375000005152],[-44.2758333338413,-19.3375000005152],[-44.2758333338413,-19.3383333339069],[-44.2750000004496,-19.3383333339069],[-44.2750000004496,-19.3399999997908],[-44.2733333336664,-19.3399999997908],[-44.2733333336664,-19.3416666665741],[-44.2725000002748,-19.3416666665741],[-44.2725000002748,-19.3408333331825],[-44.2708333334915,-19.3408333331825],[-44.2708333334915,-19.3399999997908],[-44.2691666667083,-19.3399999997908],[-44.2691666667083,-19.3391666663992],[-44.2683333333167,-19.3391666663992],[-44.2683333333167,-19.3383333339069],[-44.267499999925,-19.3383333339069],[-44.267499999925,-19.3375000005152],[-44.2658333340411,-19.3375000005152],[-44.2658333340411,-19.3366666671236],[-44.2650000006495,-19.3366666671236],[-44.2650000006495,-19.333333333557],[-44.2641666672578,-19.333333333557],[-44.2641666672578,-19.3325000001653],[-44.2633333338662,-19.3325000001653],[-44.2633333338662,-19.3316666667737],[-44.2608333336914,-19.3316666667737],[-44.2608333336914,-19.3308333333821],[-44.2600000002997,-19.3308333333821],[-44.2600000002997,-19.3299999999904],[-44.2591666669081,-19.3299999999904],[-44.2591666669081,-19.3283333332071],[-44.2583333335165,-19.3283333332071],[-44.2583333335165,-19.3266666664238],[-44.2566666667332,-19.3266666664238],[-44.2566666667332,-19.3250000005398],[-44.2558333333416,-19.3250000005398],[-44.2558333333416,-19.3241666671482],[-44.2516666672828,-19.3241666671482],[-44.2516666672828,-19.3216666669733],[-44.2508333338912,-19.3216666669733],[-44.2508333338912,-19.3175000000151],[-44.2500000004996,-19.3175000000151],[-44.2500000004996,-19.3149999998401],[-44.2491666671079,-19.3149999998401],[-44.2491666671079,-19.3141666664485],[-44.2458333335414,-19.3141666664485],[-44.2458333335414,-19.3133333339562],[-44.2441666667582,-19.3133333339562],[-44.2441666667582,-19.3125000005645],[-44.2433333333666,-19.3125000005645],[-44.2433333333666,-19.3133333339562],[-44.242499999975,-19.3133333339562],[-44.242499999975,-19.3125000005645],[-44.2408333340911,-19.3125000005645],[-44.2408333340911,-19.3116666671729],[-44.2383333339162,-19.3116666671729],[-44.2383333339162,-19.3125000005645],[-44.236666667133,-19.3125000005645],[-44.236666667133,-19.3108333337813],[-44.2358333337413,-19.3108333337813],[-44.2358333337413,-19.3100000003896],[-44.2341666669581,-19.3100000003896],[-44.2341666669581,-19.309166666998],[-44.2333333335665,-19.309166666998],[-44.2333333335665,-19.3083333336063],[-44.2325000001748,-19.3083333336063],[-44.2325000001748,-19.3075000002147],[-44.2316666667832,-19.3075000002147],[-44.2316666667832,-19.306666666823],[-44.2275000007244,-19.306666666823],[-44.2275000007244,-19.3058333334314],[-44.2225000003747,-19.3058333334314],[-44.2225000003747,-19.3050000000397],[-44.2200000001998,-19.3050000000398],[-44.2200000001998,-19.3058333334314],[-44.2175000000249,-19.3058333334314],[-44.2175000000249,-19.3050000000398],[-44.2158333332417,-19.3050000000397],[-44.2158333332417,-19.3041666666481],[-44.2150000007494,-19.3041666666481],[-44.2150000007494,-19.3033333332565],[-44.2125000005745,-19.3033333332565],[-44.2125000005746,-19.3024999998648],[-44.2108333337913,-19.3024999998648],[-44.2108333337913,-19.3016666664732],[-44.2075000002248,-19.3016666664732],[-44.2075000002248,-19.3008333330815],[-44.2066666668331,-19.3008333330815],[-44.2066666668331,-19.3033333332565],[-44.2041666666583,-19.3033333332565],[-44.2041666666583,-19.3041666666481],[-44.202499999875,-19.3041666666481],[-44.202499999875,-19.3050000000397],[-44.2016666673828,-19.3050000000397],[-44.2016666673828,-19.3041666666481],[-44.2008333339911,-19.3041666666481],[-44.2008333339911,-19.3033333332565],[-44.1983333338163,-19.3033333332565],[-44.1983333338163,-19.3024999998648],[-44.1975000004246,-19.3024999998648],[-44.1975000004246,-19.3016666664732],[-44.1958333336414,-19.3016666664732],[-44.1958333336414,-19.3024999998648],[-44.1941666668582,-19.3024999998648],[-44.1941666668582,-19.3016666664732],[-44.1891666674077,-19.3016666664732],[-44.1891666674077,-19.3000000005892],[-44.1858333338412,-19.3000000005892],[-44.1858333338412,-19.2991666671976],[-44.1816666668831,-19.2991666671976],[-44.1816666668831,-19.2983333338059],[-44.1808333334915,-19.2983333338059],[-44.1808333334915,-19.2975000004143],[-44.1758333340411,-19.2975000004143],[-44.1758333340411,-19.2966666670226],[-44.1750000006494,-19.2966666670226],[-44.1750000006494,-19.295833333631],[-44.1733333338662,-19.295833333631],[-44.1733333338662,-19.2950000002393],[-44.171666667083,-19.2950000002393],[-44.171666667083,-19.2941666668477],[-44.1666666667332,-19.2941666668477],[-44.1666666667332,-19.293333333456],[-44.1658333333416,-19.293333333456],[-44.1658333333416,-19.2925000000644],[-44.1625000006745,-19.2925000000644],[-44.1625000006745,-19.2916666666727],[-44.1600000004996,-19.2916666666727],[-44.1600000004996,-19.2908333332811],[-44.159166667108,-19.2908333332811],[-44.159166667108,-19.2899999998895],[-44.1583333337163,-19.2899999998895],[-44.1583333337163,-19.2883333331062],[-44.1575000003247,-19.2883333331062],[-44.1575000003247,-19.2875000006138],[-44.1558333335415,-19.2875000006138],[-44.1558333335415,-19.2866666672222],[-44.1550000001499,-19.2866666672222],[-44.1550000001499,-19.2858333338305],[-44.1533333333666,-19.2858333338305],[-44.1533333333666,-19.2850000004389],[-44.152499999975,-19.2850000004389],[-44.152499999975,-19.2841666670472],[-44.1516666665834,-19.2841666670472],[-44.1516666665834,-19.2833333336556],[-44.1500000006994,-19.2833333336556],[-44.1500000006994,-19.282500000264],[-44.1491666673078,-19.282500000264],[-44.1491666673078,-19.2816666668723],[-44.1450000003497,-19.2816666668723],[-44.1450000003497,-19.282500000264],[-44.1433333335664,-19.282500000264],[-44.1433333335664,-19.2833333336556],[-44.1416666667832,-19.2833333336556],[-44.1416666667832,-19.282500000264],[-44.1408333333916,-19.282500000264],[-44.1408333333916,-19.2816666668723],[-44.1399999999999,-19.2816666668723],[-44.1399999999999,-19.2808333334807],[-44.1383333332167,-19.2808333334807],[-44.1383333332167,-19.2816666668723],[-44.1350000005496,-19.2816666668723],[-44.1350000005496,-19.2808333334807],[-44.1341666671579,-19.2808333334807],[-44.1341666671579,-19.280000000089],[-44.1333333337663,-19.280000000089],[-44.1333333337663,-19.2791666666974],[-44.1325000003746,-19.2791666666974],[-44.1325000003747,-19.280000000089],[-44.1291666668082,-19.280000000089],[-44.1291666668082,-19.2774999999141],[-44.1283333334165,-19.2774999999141],[-44.1283333334165,-19.2766666665225],[-44.1250000007494,-19.2766666665225],[-44.1250000007494,-19.2774999999141],[-44.1241666673578,-19.2774999999141],[-44.1241666673578,-19.2783333333057],[-44.1233333339662,-19.2783333333057],[-44.1233333339662,-19.2774999999141],[-44.1216666671829,-19.2774999999141],[-44.1216666671829,-19.2766666665225],[-44.1208333337913,-19.2766666665225],[-44.1208333337913,-19.2741666672469],[-44.1200000003997,-19.2741666672469],[-44.1200000003997,-19.2733333338552],[-44.119166667008,-19.2733333338552],[-44.119166667008,-19.2716666670719],[-44.1183333336164,-19.2716666670719],[-44.1183333336164,-19.2708333336803],[-44.1158333334415,-19.2708333336803],[-44.1158333334415,-19.269166666897],[-44.1150000000499,-19.269166666897],[-44.1150000000499,-19.2675000001137],[-44.1133333332667,-19.2675000001137],[-44.1133333332667,-19.2666666667221],[-44.1124999998751,-19.2666666667221],[-44.1124999998751,-19.2658333333305],[-44.1116666673827,-19.2658333333304],[-44.1108333339911,-19.2658333333304],[-44.1108333339911,-19.2649999999388],[-44.1100000005995,-19.2649999999388],[-44.1100000005995,-19.2658333333304],[-44.1091666672079,-19.2658333333304],[-44.1091666672079,-19.2666666667221],[-44.1083333338162,-19.2666666667221],[-44.1083333338162,-19.2658333333304],[-44.1075000004246,-19.2658333333305],[-44.1075000004246,-19.2649999999388],[-44.106666667033,-19.2649999999388],[-44.106666667033,-19.2641666665471],[-44.1025000000749,-19.2641666665471],[-44.1025000000749,-19.2633333331555],[-44.0999999999,-19.2633333331555],[-44.0999999999,-19.2624999997639],[-44.0991666674078,-19.2624999997639],[-44.0991666674078,-19.2616666672715],[-44.0983333340161,-19.2616666672715],[-44.0983333340161,-19.2608333338799],[-44.0975000006245,-19.2608333338799],[-44.0975000006245,-19.2600000004882],[-44.094166667058,-19.2600000004882],[-44.094166667058,-19.2591666670966],[-44.0933333336664,-19.2591666670966],[-44.0933333336664,-19.258333333705],[-44.0916666668831,-19.258333333705],[-44.0916666668831,-19.2575000003133],[-44.0908333334915,-19.2575000003133],[-44.0908333334915,-19.258333333705],[-44.0883333333167,-19.258333333705],[-44.0883333333167,-19.2575000003133],[-44.0866666665334,-19.2575000003133],[-44.0866666665334,-19.2566666669217],[-44.0850000006495,-19.2566666669217],[-44.0850000006495,-19.2541666667467],[-44.0841666672578,-19.2541666667467],[-44.0841666672578,-19.2524999999634],[-44.0833333338662,-19.2524999999634],[-44.0808333336914,-19.2524999999634],[-44.0808333336914,-19.2516666665718],[-44.0800000002997,-19.2516666665718],[-44.0800000002997,-19.2491666663969],[-44.0791666669081,-19.2491666663969],[-44.0791666669081,-19.2466666671212],[-44.0783333335165,-19.2466666671212],[-44.0783333335165,-19.2458333337296],[-44.0775000001249,-19.2458333337296],[-44.0775000001249,-19.2450000003379],[-44.07499999995,-19.2450000003379],[-44.07499999995,-19.2441666669463],[-44.0725000006744,-19.2441666669463],[-44.0725000006744,-19.2433333335547],[-44.0716666672828,-19.2433333335547],[-44.0716666672828,-19.2408333333797],[-44.0708333338912,-19.2408333333797],[-44.0708333338912,-19.2399999999881],[-44.0700000004996,-19.2399999999881],[-44.0691666671079,-19.2399999999881],[-44.0691666671079,-19.2391666665964],[-44.0675000003247,-19.2391666665964],[-44.0675000003247,-19.2399999999881],[-44.0666666669331,-19.2399999999881],[-44.0658333335415,-19.2399999999881],[-44.0658333335415,-19.2391666665964],[-44.0650000001498,-19.2391666665964],[-44.0650000001498,-19.2383333332048],[-44.0641666667582,-19.2383333332048],[-44.0641666667582,-19.2366666664215],[-44.0633333333666,-19.2366666664215],[-44.0633333333666,-19.2358333339292],[-44.0616666665833,-19.2358333339292],[-44.0616666665833,-19.2350000005376],[-44.0608333340911,-19.2350000005376],[-44.0608333340911,-19.2341666671459],[-44.056666667133,-19.2341666671459],[-44.056666667133,-19.2325000003626],[-44.0541666669581,-19.2325000003626],[-44.0541666669581,-19.231666666971],[-44.0525000001748,-19.231666666971],[-44.0525000001748,-19.2308333335793],[-44.0416666669831,-19.2308333335793],[-44.0416666669831,-19.2300000001877],[-44.0408333335914,-19.2300000001877],[-44.0408333335914,-19.2291666667961],[-44.0375000000249,-19.2291666667961],[-44.0375000000249,-19.2283333334044],[-44.0358333332417,-19.2283333334044],[-44.0358333332417,-19.2275000000128],[-44.0300000003996,-19.2275000000128]]]},"properties":{"OBJECTID":1}}]}